header: 						//点云的头信息
  seq: 13035					//			
  stamp: 					//时间戳
    secs: 1632558536
    nsecs: 964317799
  frame_id: "camera_color_optical_frame"
height: 480		//一列480点，如果cloud 是无序的 height 是 1
width: 640		//一行640点，点云长度
fields: 
  - 
    name: "x"
    offset: 0
    datatype: 7
    count: 1
  - 
    name: "y"
    offset: 4
    datatype: 7
    count: 1
  - 
    name: "z"
    offset: 8
    datatype: 7
    count: 1
  - 
    name: "rgb"
    offset: 16
    datatype: 7
    count: 1
is_bigendian: False
point_step: 32		//云中一个点占32字节
row_step: 20480

//为了将数据转换回单独的点，必须对其进行反序列化。PointCloud库定义了自动执行此操作的方法(在Python中，您将使用pc2.read_points)。在本质上，这些方法使用内存重解释将字节流转换为一组点(例如Python的struct.unpack()或c++中的重解释类型转换)。
字节流表示的优点是它是一种非常灵活的紧凑的数据传输方式，允许对点使用任意结构。缺点是如果不进行反序列化，消息是不可读的。
//
//
data: [49, 8, 104, 191, 140, 225, 46, 191, 177, 114, 216, 63, 0, 0, 0, 0, 208, 195, 175, 255, 0, 0, 0, 0, 0, 0, 0, 0, 0, 0, 0, 0, 163, 81, 103, 191, 140, 225, 46, 191, 177, 114, 216, 63, 0, 0, 0, 0, 204, 191, 171, 255, 0, 0, 0, 0, 0, 0, 0, 0, 0, 0, 0, 0, 21, 155, 102, 191, 140, 225, 46, 191, 177, 114, 216, 63, 0, 0, 0, 0, 203, 188, 173, 255, 0, 0, 0, 0, 0, 0, 0, 0, 0, 0, 0, 0, 135, 228, 101, 191, 140, 225, 46, 191, 177, 114, 216, 63, 0, 0, 0, 0, 200, 185, 170, 255, 0, 0, 0, 0, 0, 0, 0, 0, 0, 0, 0, 0, 192, 184, 101, 191, 115, 75, 47, 191, 195, 245, 216, 63, 0, 0, 0, 0, 202, 189, 174, 255, 0, 0, 0, 0, 0, 0, 0, 0, 0, 0, 0, 0, 196, 1, 101, 191, 115, 75, 47, 191, 195, 245, 216, 63, 0, 0, 0, 0, 201, 188, 173, 255, 0, 0, 0, 0, 0, 0, 0, 0, 0, 0, 0, 0, 46, 247, 100, 191, 211, 207, 47, 191, 154, 153, 217, 63, 0, 0, 0, 0, 197, 186, 173, 255, 0, 0, 0, 0, 0, 0, 0, 0, 0, 0, 0, 0, 167, 63, 100, 191, 211, 207, 47, 191, 154, 153, 217, 63, 0, 0, 0, 0, 200, 189, 176, 255, 0, 0, 0, 0, 0, 0, 0, 0, 0, 0, 0, 0, 32, 136, 99, 191, 211, 207, 47, 191, 154, 153, 217, 63, 0, 0, 0, 0, 200, 196, 182, 255, 0, 0, 0, 0, 0, 0, 0, 0, 0, 0, 0, 0, 56, 89, 99, 191, 186, 57, 48, 191, 173, 28, 218, 63, 0, 0, 0, 0, 221, 217, 203, 255, 0, 0, 0, 0, 0, 0, 0, 0, 0, 0, 0, 0, 67, 161, 98, 191, 186, 57, 48, 191, 173, 28, 218, 63, 0, 0, 0, 0, 249, 247, 223, 255, 0, 0, 0, 0, 0, 0, 0, 0, 0, 0, 0, 0, 17, 113, 98, 191, 160, 163, 48, 191, 191, 159, 218, 63, 0, 0, 0, 0, 255, 254, 230, 255, 0, 0, 0, 0, 0, 0, 0, 0, 0, 0, 0, 0, 173, 184, 97, 191, 160, 163, 48, 191, 191, 159, 218, 63, 0, 0, 0, 0, 255, 253, 223, 255, 0, 0, 0, 0, 0, 0, 0, 0, 0, 0, 0, 0, 232, 168, 97, 191, 0, 40, 49, 191, 150, 67, 219, 63, 0, 0, 0, 0, 255, 255, 225, 255, 0, 0, 0, 0, 0, 0, 0, 0, 0, 0, 0, 0, 112, 118, 97, 191, 232, 145, 49, 191, 169, 198, 219, 63, 0, 0, 0, 0, 253, 255, 227, 255, 0, 0, 0, 0, 0, 0, 0, 0, 0, 0, 0, 0, 19, 189, 96, 191, 232, 145, 49, 191, 169, 198, 219, 63, 0, 0, 0, 0, 255, 255, 230, 255, 0, 0, 0, 0, 0, 0, 0, 0, 0, 0, 0, 0, 81, 137, 96, 191, 206, 251, 49, 191, 187, 73, 220, 63, 0, 0, 0, 0, 253, 255, 229, 255, 0, 0, 0, 0, 0, 0, 0, 0, 0, 0, 0, 0, 251, 117, 96, 191, 46, 128, 50, 191, 146, 237, 220, 63, 0, 0, 0, 0, 253, 255, 229, 255, 0, 0, 0, 0, 0, 0, 0, 0, 0, 0, 0, 0, 165, 187, 95, 191, 46, 128, 50, 191, 146, 237, 220, 63, 0, 0, 0, 0, 253, 255, 229, 255, 0, 0, 0, 0, 0, 0, 0, 0, 0, 0, 0, 0, 80, 1, 95, 191, 46, 128, 50, 191, 146, 237, 220, 63, 0, 0, 0, 0, 255, 255, 231, 255, 0, 0, 0, 0, 0, 0, 0, 0, 0, 0, 0, 0, 219, 202, 94, 191, 21, 234, 50, 191, 165, 112, 221, 63, 0, 0, 0, 0, 255, 255, 236, 255, 0, 0, 0, 0, 0, 0, 0, 0, 0, 0, 0, 0, 101, 180, 94, 191, 117, 110, 51, 191, 124, 20, 222, 63, 0, 0, 0, 0, 255, 255, 238, 255, 0, 0, 0, 0, 0, 0, 0, 0, 0, 0, 0, 0, 23, 249, 93, 191, 117, 110, 51, 191, 124, 20, 222, 63, 0, 0, 0, 0, 254, 255, 237, 255, 0, 0, 0, 0, 0, 0, 0, 0, 0, 0, 0, 0, 201, 61, 93, 191, 117, 110, 51, 191, 124, 20, 222, 63, 0, 0, 0, 0, 250, 253, 233, 255, 0, 0, 0, 0, 0, 0, 0, 0, 0, 0, 0, 0, 159, 4, 93, 191, 91, 216, 51, 191, 142, 151, 222, 63, 0, 0, 0, 0, 249, 254, 220, 255, 0, 0, 0, 0, 0, 0, 0, 0, 0, 0, 0, 0, 227, 72, 92, 191, 91, 216, 51, 191, 142, 151, 222, 63, 0, 0, 0, 0, 245, 250, 216, 255, 0, 0, 0, 0, 0, 0, 0, 0, 0, 0, 0, 0, 38, 141, 91, 191, 91, 216, 51, 191, 142, 151, 222, 63, 0, 0, 0, 0, 248, 247, 210, 255, 0, 0, 0, 0, 0, 0, 0, 0, 0, 0, 0, 0, 106, 209, 90, 191, 91, 216, 51, 191, 142, 151, 222, 63, 0, 0, 0, 0, 250, 249, 212, 255, 0, 0, 0, 0, 0, 0, 0, 0, 0, 0, 0, 0, 173, 21, 90, 191, 91, 216, 51, 191, 142, 151, 222, 63, 0, 0, 0, 0, 253, 252, 210, 255, 0, 0, 0, 0, 0, 0, 0, 0, 0, 0, 0, 0, 241, 89, 89, 191, 91, 216, 51, 191, 142, 151, 222, 63, 0, 0, 0, 0, 249, 248, 206, 255, 0, 0, 0, 0, 0, 0, 0, 0, 0, 0, 0, 0, 166, 61, 89, 191, 188, 92, 52, 191, 101, 59, 223, 63, 0, 0, 0, 0, 250, 243, 199, 255, 0, 0, 0, 0, 0, 0, 0, 0, 0, 0, 0, 0, 95, 129, 88, 191, 188, 92, 52, 191, 101, 59, 223, 63, 0, 0, 0, 0, 249, 242, 198, 255, 0, 0, 0, 0, 0, 0, 0, 0, 0, 0, 0, 0, 25, 197, 87, 191, 188, 92, 52, 191, 101, 59, 223, 63, 0, 0, 0, 0, 253, 245, 204, 255, 0, 0, 0, 0, 0, 0, 0, 0, 0, 0, 0, 0, 210, 8, 87, 191, 188, 92, 52, 191, 101, 59, 223, 63, 0, 0, 0, 0, 255, 252, 211, 255, 0, 0, 0, 0, 0, 0, 0, 0, 0, 0, 0, 0, 95, 202, 86, 191, 162, 198, 52, 191, 119, 190, 223, 63, 0, 0, 0, 0, 255, 254, 219, 255, 0, 0, 0, 0, 0, 0, 0, 0, 0, 0, 0, 0, 170, 13, 86, 191, 162, 198, 52, 191, 119, 190, 223, 63, 0, 0, 0, 0, 255, 255, 221, 255, 0, 0, 0, 0, 0, 0, 0, 0, 0, 0, 0, 0, 244, 80, 85, 191, 162, 198, 52, 191, 119, 190, 223, 63, 0, 0, 0, 0, 255, 255, 226, 255, 0, 0, 0, 0, 0, 0, 0, 0, 0, 0, 0, 0, 233, 47, 85, 191, 2, 75, 53, 191, 79, 98, 224, 63, 0, 0, 0, 0, 255, 255, 230, 255, 0, 0, 0, 0, 0, 0, 0, 0, 0, 0, 0, 0, 169, 114, 84, 191, 2, 75, 53, 191, 79, 98, 224, 63, 0, 0, 0, 0, 255, 255, 241, 255, 0, 0, 0, 0, 0, 0, 0, 0, 0, 0, 0, 0, 106, 181, 83, 191, 2, 75, 53, 191, 79, 98, 224, 63, 0, 0, 0, 0, 255, 255, 241, 255, 0, 0, 0, 0, 0, 0, 0, 0, 0, 0, 0, 0, 114, 13, 84, 191, 74, 57, 54, 191, 56, 137, 225, 63, 
